NODE_1_length_611204_cov_8.721789:610959 NODE_1_length_611204_cov_8.721789_pilon:610959 G A
NODE_3_length_314514_cov_8.740435:314364 NODE_3_length_314514_cov_8.740435_pilon:314364 A G
NODE_8_length_207099_cov_8.738077:206924 NODE_8_length_207099_cov_8.738077_pilon:206924 C A
NODE_12_length_148329_cov_8.761938:148307 NODE_12_length_148329_cov_8.761938_pilon:148307 A G
NODE_29_length_45299_cov_8.800412:44942 NODE_29_length_45299_cov_8.800412_pilon:44942 G C
NODE_44_length_16283_cov_9.132142:16261 NODE_44_length_16283_cov_9.132142_pilon:16261 C G
NODE_68_length_5330_cov_9.601073:4895 NODE_68_length_5330_cov_9.601073_pilon:4895 A T
NODE_68_length_5330_cov_9.601073:4935 NODE_68_length_5330_cov_9.601073_pilon:4935 A C
NODE_68_length_5330_cov_9.601073:4946 NODE_68_length_5330_cov_9.601073_pilon:4946 A G
NODE_68_length_5330_cov_9.601073:4964 NODE_68_length_5330_cov_9.601073_pilon:4964 A G
NODE_75_length_4098_cov_11.434412:176 NODE_75_length_4098_cov_11.434412_pilon:176 A T
NODE_78_length_3804_cov_10.213647:151 NODE_78_length_3804_cov_10.213647_pilon:151 T C
NODE_78_length_3804_cov_10.213647:164 NODE_78_length_3804_cov_10.213647_pilon:164 C G
NODE_105_length_1699_cov_14.914987:1565 NODE_105_length_1699_cov_14.914987_pilon:1565 A G
NODE_158_length_450_cov_21.017699:286 NODE_158_length_450_cov_21.017699_pilon:286 T C
NODE_158_length_450_cov_21.017699:294 NODE_158_length_450_cov_21.017699_pilon:294 C G
NODE_162_length_433_cov_4.049689:372 NODE_162_length_433_cov_4.049689_pilon:372 C T
