NODE_10_length_186509_cov_7.636810:874 NODE_10_length_186509_cov_7.636810_pilon:874 C T
NODE_10_length_186509_cov_7.636810:884 NODE_10_length_186509_cov_7.636810_pilon:884 T C
NODE_10_length_186509_cov_7.636810:899 NODE_10_length_186509_cov_7.636810_pilon:899 A G
NODE_10_length_186509_cov_7.636810:938 NODE_10_length_186509_cov_7.636810_pilon:938 T G
NODE_17_length_99407_cov_7.644410:99330 NODE_17_length_99407_cov_7.644410_pilon:99330 C G
NODE_28_length_55596_cov_7.715318:67 NODE_28_length_55596_cov_7.715318_pilon:67 G C
NODE_54_length_9460_cov_7.831351:7592 NODE_54_length_9460_cov_7.831351_pilon:7592 C T
NODE_54_length_9460_cov_7.831351:7596 NODE_54_length_9460_cov_7.831351_pilon:7596 A G
NODE_54_length_9460_cov_7.831351:7599 NODE_54_length_9460_cov_7.831351_pilon:7599 G A
NODE_54_length_9460_cov_7.831351:7620 NODE_54_length_9460_cov_7.831351_pilon:7620 T C
NODE_54_length_9460_cov_7.831351:7628 NODE_54_length_9460_cov_7.831351_pilon:7628 A T
NODE_80_length_3471_cov_7.965012:90 NODE_80_length_3471_cov_7.965012_pilon:90 G T
NODE_82_length_3180_cov_7.971503:3090 NODE_82_length_3180_cov_7.971503_pilon:3090 T C
NODE_84_length_2806_cov_7.374020:74 NODE_84_length_2806_cov_7.374020_pilon:74 A G
NODE_84_length_2806_cov_7.374020:2681 NODE_84_length_2806_cov_7.374020_pilon:2681 C T
NODE_106_length_1692_cov_9.536102:73 NODE_106_length_1692_cov_9.536102_pilon:73 A G
NODE_108_length_1646_cov_6.993417:1544 NODE_108_length_1646_cov_6.993417_pilon:1544 C G
NODE_108_length_1646_cov_6.993417:1569 NODE_108_length_1646_cov_6.993417_pilon:1569 C T
NODE_110_length_1583_cov_7.446429:1477 NODE_110_length_1583_cov_7.446429_pilon:1477 A G
NODE_113_length_1532_cov_8.066192:1417 NODE_113_length_1532_cov_8.066192_pilon:1417 C G
NODE_120_length_1200_cov_8.535881:1184 NODE_120_length_1200_cov_8.535881_pilon:1184 C T
NODE_130_length_858_cov_7.712722:67 NODE_130_length_858_cov_7.712722_pilon:67 A C
NODE_130_length_858_cov_7.712722:182 NODE_130_length_858_cov_7.712722_pilon:182 C T
