NODE_50_length_9467_cov_21.425182:473 NODE_50_length_9467_cov_21.425182_pilon:473 G A
NODE_50_length_9467_cov_21.425182:485-486 NODE_50_length_9467_cov_21.425182_pilon:485 TA .
NODE_51_length_9400_cov_21.155776:9306 NODE_51_length_9400_cov_21.155776_pilon:9306 A T
NODE_54_length_6737_cov_21.763658:6572 NODE_54_length_6737_cov_21.763658_pilon:6572 T C
NODE_54_length_6737_cov_21.763658:6573 NODE_54_length_6737_cov_21.763658_pilon:6573 T G
NODE_54_length_6737_cov_21.763658:6575 NODE_54_length_6737_cov_21.763658_pilon:6575 A C
NODE_54_length_6737_cov_21.763658:6581 NODE_54_length_6737_cov_21.763658_pilon:6581 T A
NODE_54_length_6737_cov_21.763658:6587 NODE_54_length_6737_cov_21.763658_pilon:6587 C T
NODE_96_length_1732_cov_28.900062:51 NODE_96_length_1732_cov_28.900062_pilon:51 T C
NODE_99_length_1703_cov_21.707915:1317 NODE_99_length_1703_cov_21.707915_pilon:1317 C G
NODE_99_length_1703_cov_21.707915:1354 NODE_99_length_1703_cov_21.707915_pilon:1354 G C
NODE_115_length_932_cov_25.976857:546 NODE_115_length_932_cov_25.976857_pilon:546 T A
NODE_141_length_548_cov_13.052632:322 NODE_141_length_548_cov_13.052632_pilon:322 T C
NODE_141_length_548_cov_13.052632:374 NODE_141_length_548_cov_13.052632_pilon:374 C G
NODE_162_length_371_cov_56.407692:240 NODE_162_length_371_cov_56.407692_pilon:240 T C
NODE_162_length_371_cov_56.407692:258 NODE_162_length_371_cov_56.407692_pilon:258 G A
NODE_202_length_232_cov_19.231405:116 NODE_202_length_232_cov_19.231405_pilon:116 T G
